0 -329.331 259.905 -589.237
1 -329.331 260.035 -589.367
2 -329.331 260.252 -589.584
3 -329.331 260.556 -589.887
4 -329.331 260.947 -590.279
5 -329.331 261.427 -590.758
6 -329.326 261.995 -591.321
7 -329.293 262.653 -591.946
8 -329.221 263.403 -592.624
9 -329.019 264.247 -593.266
10 -328.789 265.188 -593.977
11 -328.476 266.227 -594.703
12 -328.054 267.367 -595.422
13 -327.649 268.611 -596.259
14 -327.15 269.958 -597.108
15 -326.727 271.413 -598.14
16 -326.272 272.974 -599.247
17 -325.68 274.647 -600.327
18 -325.182 276.432 -601.614
19 -324.71 278.331 -603.042
20 -324.288 280.347 -604.635
21 -323.855 282.482 -606.337
22 -323.433 284.739 -608.171
23 -322.983 287.12 -610.103
24 -322.583 289.629 -612.212
25 -322.281 292.268 -614.549
26 -321.854 295.041 -616.895
27 -321.497 297.952 -619.449
28 -321.185 301.003 -622.188
29 -320.889 304.197 -625.086
30 -320.604 307.539 -628.143
31 -320.319 311.032 -631.35
32 -320.149 314.677 -634.826
33 -319.957 318.478 -638.435
34 -319.792 322.436 -642.228
35 -319.694 326.551 -646.245
36 -319.497 330.825 -650.322
37 -319.294 335.255 -654.549
38 -319.131 339.837 -658.967
39 -318.978 344.565 -663.542
40 -318.886 349.429 -668.315
41 -318.718 354.416 -673.134
42 -318.594 359.51 -678.104
43 -318.514 364.685 -683.2
44 -318.419 369.914 -688.332
45 -318.302 375.158 -693.46
46 -318.219 380.374 -698.593
47 -318.109 385.513 -703.622
48 -318.037 390.519 -708.556
49 -317.889 395.335 -713.224
50 -317.873 399.908 -717.78
51 -317.806 404.194 -722
52 -317.748 408.167 -725.916
53 -317.695 411.822 -729.517
54 -317.63 415.178 -732.808
55 -317.596 418.278 -735.874
56 -317.579 421.181 -738.76
57 -317.545 423.957 -741.502
58 -317.402 426.673 -744.075
59 -317.315 429.387 -746.702
60 -317.269 432.138 -749.406
61 -317.24 434.934 -752.175
62 -317.175 437.758 -754.933
63 -317.133 440.562 -757.696
64 -317.129 443.289 -760.418
65 -317.053 445.879 -762.931
66 -317.007 448.291 -765.297
67 -316.969 450.512 -767.481
68 -316.934 452.569 -769.502
69 -316.929 454.526 -771.454
70 -316.912 456.477 -773.389
71 -316.884 458.537 -775.421
72 -316.857 460.818 -777.676
73 -316.865 463.419 -780.284
74 -316.777 466.403 -783.18
75 -316.795 469.791 -786.587
76 -316.817 473.556 -790.373
77 -316.792 477.626 -794.418
78 -316.845 481.896 -798.741
79 -316.892 486.236 -803.128
80 -316.869 490.506 -807.375
81 -316.914 494.576 -811.49
82 -316.958 498.339 -815.297
83 -316.933 501.727 -818.659
84 -316.948 504.717 -821.665
85 -316.894 507.343 -824.237
86 -316.869 509.694 -826.563
87 -316.934 511.913 -828.847
88 -316.927 514.187 -831.113
89 -316.969 516.722 -833.691
90 -316.959 519.718 -836.677
91 -316.937 523.326 -840.263
92 -316.944 527.613 -844.557
93 -316.952 532.549 -849.501
94 -316.979 538.016 -854.995
95 -316.953 543.831 -860.784
96 -316.936 549.791 -866.727
97 -316.943 555.715 -872.658
98 -316.903 561.467 -878.37
99 -316.887 566.97 -883.857
100 -316.885 572.19 -889.076
101 -316.879 577.116 -893.995
102 -316.886 581.733 -898.619
103 -316.872 586.01 -902.882
104 -316.794 589.891 -906.684
105 -316.824 593.308 -910.132
106 -316.776 596.209 -912.985
107 -316.703 598.574 -915.277
108 -316.631 600.435 -917.066
109 -316.64 601.874 -918.514
110 -316.626 603.015 -919.641
111 -316.596 603.994 -920.591
112 -316.587 604.928 -921.515
113 -316.56 605.886 -922.446
114 -316.576 606.877 -923.453
115 -316.581 607.865 -924.446
116 -316.546 608.796 -925.343
117 -316.492 609.645 -926.137
118 -316.39 610.431 -926.821
119 -316.453 611.208 -927.661
120 -316.474 612.028 -928.502
121 -316.518 612.925 -929.443
122 -316.512 613.91 -930.421
123 -316.558 614.998 -931.557
124 -316.522 616.228 -932.75
125 -316.497 617.652 -934.149
126 -316.475 619.308 -935.783
127 -316.505 621.197 -937.702
128 -316.522 623.27 -939.793
129 -316.54 625.446 -941.986
130 -316.523 627.633 -944.156
131 -316.488 629.759 -946.247
132 -316.501 631.777 -948.277
133 -316.508 633.656 -950.164
134 -316.534 635.372 -951.906
135 -316.539 636.888 -953.427
136 -316.562 638.149 -954.711
137 -316.576 639.077 -955.652
138 -316.622 639.589 -956.211
139 -316.648 639.624 -956.272
140 -316.641 639.174 -955.814
141 -316.58 638.332 -954.912
142 -316.552 637.314 -953.865
143 -316.54 636.424 -952.965
144 -316.534 635.947 -952.48
145 -316.51 636.007 -952.517
146 -316.546 636.517 -953.063
147 -316.56 637.233 -953.793
148 -316.531 637.911 -954.442
149 -316.508 638.446 -954.954
150 -316.497 638.962 -955.459
151 -316.508 639.763 -956.271
152 -316.559 641.135 -957.693
153 -316.578 643.108 -959.685
154 -316.607 645.386 -961.993
155 -316.596 647.511 -964.107
156 -316.641 649.105 -965.746
157 -316.621 650.01 -966.632
158 -316.633 650.29 -966.922
159 -316.686 650.143 -966.829
160 -316.682 649.809 -966.491
161 -316.664 649.48 -966.144
162 -316.692 649.259 -965.951
163 -316.746 649.146 -965.893
164 -316.699 649.066 -965.765
165 -316.688 648.917 -965.605
166 -316.738 648.626 -965.364
167 -316.766 648.188 -964.954
168 -316.779 647.678 -964.457
169 -316.806 647.239 -964.045
170 -316.817 647.044 -963.861
171 -316.833 647.249 -964.082
172 -316.837 647.957 -964.794
173 -316.858 649.192 -966.05
174 -316.862 650.887 -967.749
175 -316.876 652.888 -969.764
176 -316.878 654.988 -971.866
177 -316.941 656.985 -973.926
178 -316.964 658.744 -975.708
179 -316.985 660.242 -977.227
180 -316.959 661.555 -978.514
181 -316.973 662.812 -979.786
182 -317.014 664.13 -981.144
183 -317.001 665.551 -982.553
184 -317.061 667.028 -984.089
185 -317.081 668.42 -985.501
186 -317.073 669.528 -986.602
187 -317.061 670.152 -987.213
188 -317.074 670.157 -987.231
189 -317.117 669.529 -986.646
190 -317.158 668.386 -985.544
191 -317.12 666.94 -984.06
192 -317.044 665.456 -982.5
193 -317.075 664.193 -981.268
194 -317.05 663.37 -980.42
195 -316.998 663.128 -980.126
196 -316.997 663.513 -980.51
197 -317.088 664.472 -981.56
198 -317.072 665.876 -982.947
199 -317.075 667.563 -984.638
200 -317.037 669.39 -986.427
201 -317.03 671.254 -988.283
202 -317.01 673.095 -990.105
203 -317.062 674.872 -991.934
204 -317.063 676.529 -993.592
205 -317.063 677.989 -995.052
206 -317.109 679.183 -996.292
207 -317.147 680.1 -997.247
208 -317.09 680.838 -997.928
209 -317.084 681.6 -998.685
210 -317.063 682.622 -999.684
211 -317.096 684.053 -1001.15
212 -317.058 685.881 -1002.94
213 -317.07 687.926 -1005
214 -317.124 689.932 -1007.06
215 -317.134 691.661 -1008.79
216 -317.13 692.962 -1010.09
217 -317.172 693.807 -1010.98
218 -317.203 694.298 -1011.5
219 -317.176 694.626 -1011.8
220 -317.242 694.941 -1012.18
221 -317.247 695.247 -1012.49
222 -317.318 695.399 -1012.72
223 -317.28 695.247 -1012.53
224 -317.256 694.763 -1012.02
225 -317.258 694.033 -1011.29
226 -317.282 693.167 -1010.45
227 -317.3 692.222 -1009.52
228 -317.288 691.195 -1008.48
229 -317.313 690.056 -1007.37
230 -317.293 688.788 -1006.08
231 -317.281 687.412 -1004.69
232 -317.29 686.01 -1003.3
233 -317.255 684.748 -1002
234 -317.253 683.863 -1001.12
235 -317.265 683.576 -1000.84
236 -317.3 683.979 -1001.28
237 -317.303 684.991 -1002.29
238 -317.311 686.415 -1003.73
239 -317.332 688.036 -1005.37
240 -317.352 689.695 -1007.05
241 -317.373 691.312 -1008.68
242 -317.377 692.87 -1010.25
243 -317.346 694.356 -1011.7
244 -317.37 695.713 -1013.08
245 -317.383 696.838 -1014.22
246 -317.412 697.608 -1015.02
247 -317.405 697.929 -1015.33
248 -317.338 697.759 -1015.1
249 -317.323 697.147 -1014.47
250 -317.325 696.248 -1013.57
251 -317.32 695.296 -1012.62
252 -317.259 694.535 -1011.79
253 -317.277 694.148 -1011.42
254 -317.346 694.198 -1011.54
255 -317.354 694.631 -1011.98
256 -317.36 695.331 -1012.69
257 -317.361 696.203 -1013.56
258 -317.331 697.209 -1014.54
259 -317.4 698.358 -1015.76
260 -317.403 699.649 -1017.05
261 -317.423 701.014 -1018.44
262 -317.409 702.301 -1019.71
263 -317.449 703.305 -1020.75
264 -317.401 703.839 -1021.24
265 -317.374 703.79 -1021.16
266 -317.384 703.153 -1020.54
267 -317.307 702.026 -1019.33
268 -317.332 700.586 -1017.92
269 -317.356 699.059 -1016.42
270 -317.356 697.669 -1015.03
271 -317.397 696.601 -1014
272 -317.358 695.993 -1013.35
273 -317.391 695.953 -1013.34
274 -317.405 696.552 -1013.96
275 -317.411 697.813 -1015.22
276 -317.432 699.694 -1017.13
277 -317.476 702.102 -1019.58
278 -317.444 704.905 -1022.35
279 -317.452 707.951 -1025.4
280 -317.471 711.065 -1028.54
281 -317.468 714.064 -1031.53
282 -317.396 716.776 -1034.17
283 -317.37 719.067 -1036.44
284 -317.463 720.858 -1038.32
285 -317.466 722.118 -1039.58
286 -317.424 722.85 -1040.27
287 -317.427 723.076 -1040.5
288 -317.408 722.818 -1040.23
289 -317.412 722.098 -1039.51
290 -317.453 720.947 -1038.4
291 -317.434 719.404 -1036.84
292 -317.458 717.521 -1034.98
293 -317.423 715.355 -1032.78
294 -317.407 712.954 -1030.36
295 -317.408 710.355 -1027.76
296 -317.428 707.569 -1025
297 -317.437 704.598 -1022.03
298 -317.465 701.447 -1018.91
299 -317.417 698.169 -1015.59
300 -317.379 694.899 -1012.28
301 -317.429 691.863 -1009.29
302 -317.383 689.337 -1006.72
303 -317.406 687.552 -1004.96
304 -317.421 686.612 -1004.03
305 -317.453 686.475 -1003.93
306 -317.511 687.014 -1004.52
307 -317.482 688.104 -1005.59
308 -317.46 689.672 -1007.13
309 -317.498 691.688 -1009.19
310 -317.516 694.127 -1011.64
311 -317.512 696.932 -1014.44
312 -317.521 699.983 -1017.5
313 -317.581 703.115 -1020.7
314 -317.644 706.153 -1023.8
315 -317.631 708.952 -1026.58
316 -317.642 711.424 -1029.07
317 -317.646 713.54 -1031.19
318 -317.61 715.295 -1032.91
319 -317.642 716.694 -1034.34
320 -317.674 717.734 -1035.41
321 -317.679 718.411 -1036.09
322 -317.728 718.726 -1036.45
323 -317.787 718.687 -1036.47
324 -317.853 718.311 -1036.16
325 -317.865 717.605 -1035.47
326 -317.875 716.562 -1034.44
327 -317.913 715.147 -1033.06
328 -317.874 713.317 -1031.19
329 -317.923 711.056 -1028.98
330 -317.92 708.431 -1026.35
331 -317.915 705.628 -1023.54
332 -317.924 702.934 -1020.86
333 -317.944 700.657 -1018.6
334 -317.939 699.03 -1016.97
335 -317.98 698.156 -1016.14
336 -318.01 698.014 -1016.02
337 -318.025 698.494 -1016.52
338 -318.073 699.446 -1017.52
339 -318.082 700.706 -1018.79
340 -318.099 702.098 -1020.2
341 -318.096 703.429 -1021.52
342 -318.17 704.479 -1022.65
343 -318.093 705.037 -1023.13
344 -318.1 704.957 -1023.06
345 -318.104 704.243 -1022.35
346 -318.124 703.097 -1021.22
347 -318.09 701.884 -1019.97
348 -318.056 701.037 -1019.09
349 -318.056 700.907 -1018.96
350 -318.088 701.65 -1019.74
351 -318.156 703.178 -1021.33
352 -318.169 705.199 -1023.37
353 -318.277 707.329 -1025.61
354 -318.284 709.214 -1027.5
355 -318.276 710.617 -1028.89
356 -318.218 711.443 -1029.66
357 -318.241 711.688 -1029.93
358 -318.207 711.374 -1029.58
359 -318.103 710.505 -1028.61
360 -318.1 709.074 -1027.17
361 -318.073 707.136 -1025.21
362 -318.015 704.862 -1022.88
363 -317.969 702.551 -1020.52
364 -317.956 700.551 -1018.51
365 -317.939 699.137 -1017.08
366 -317.923 698.416 -1016.34
367 -317.91 698.304 -1016.21
368 -317.874 698.606 -1016.48
369 -317.922 699.116 -1017.04
370 -317.999 699.685 -1017.68
371 -317.996 700.231 -1018.23
372 -317.958 700.716 -1018.67
373 -317.947 701.132 -1019.08
374 -317.926 701.485 -1019.41
375 -317.927 701.787 -1019.71
376 -317.878 702.045 -1019.92
377 -317.822 702.268 -1020.09
378 -317.835 702.483 -1020.32
379 -317.838 702.762 -1020.6
380 -317.856 703.216 -1021.07
381 -317.818 703.954 -1021.77
382 -317.842 705.02 -1022.86
383 -317.881 706.363 -1024.24
384 -317.881 707.869 -1025.75
385 -317.912 709.418 -1027.33
386 -317.785 710.931 -1028.72
387 -317.749 712.382 -1030.13
388 -317.691 713.778 -1031.47
389 -317.738 715.136 -1032.87
390 -317.73 716.468 -1034.2
391 -317.711 717.787 -1035.5
392 -317.673 719.105 -1036.78
393 -317.731 720.405 -1038.14
394 -317.744 721.609 -1039.35
395 -317.763 722.589 -1040.35
396 -317.777 723.215 -1040.99
397 -317.815 723.41 -1041.22
398 -317.848 723.172 -1041.02
399 -317.847 722.56 -1040.41
400 -317.803 721.663 -1039.47
401 -317.825 720.58 -1038.4
402 -317.876 719.402 -1037.28
403 -317.886 718.199 -1036.08
404 -317.919 717.017 -1034.94
405 -317.974 715.885 -1033.86
406 -318.011 714.834 -1032.84
407 -317.946 713.919 -1031.87
408 -317.921 713.218 -1031.14
409 -317.938 712.798 -1030.74
410 -317.954 712.678 -1030.63
411 -317.952 712.797 -1030.75
412 -317.935 713.038 -1030.97
413 -317.881 713.276 -1031.16
414 -317.878 713.422 -1031.3
415 -317.882 713.454 -1031.34
416 -317.933 713.403 -1031.34
417 -317.977 713.339 -1031.32
418 -317.956 713.35 -1031.31
419 -318.007 713.515 -1031.52
420 -318.076 713.899 -1031.97
421 -318.066 714.538 -1032.6
422 -318.02 715.424 -1033.44
423 -318.048 716.503 -1034.55
424 -318.043 717.674 -1035.72
425 -318.115 718.823 -1036.94
426 -318.109 719.842 -1037.95
427 -318.151 720.641 -1038.79
428 -318.187 721.151 -1039.34
429 -318.216 721.323 -1039.54
430 -318.207 721.12 -1039.33
431 -318.22 720.524 -1038.74
432 -318.211 719.523 -1037.73
433 -318.243 718.123 -1036.37
434 -318.259 716.372 -1034.63
435 -318.322 714.399 -1032.72
436 -318.336 712.449 -1030.79
437 -318.32 710.83 -1029.15
438 -318.35 709.792 -1028.14
439 -318.357 709.409 -1027.77
440 -318.395 709.534 -1027.93
441 -318.309 709.88 -1028.19
442 -318.336 710.136 -1028.47
443 -318.297 710.085 -1028.38
444 -318.21 709.694 -1027.9
445 -318.23 709.131 -1027.36
446 -318.2 708.665 -1026.86
447 -318.215 708.495 -1026.71
448 -318.272 708.645 -1026.92
449 -318.267 709.015 -1027.28
450 -318.24 709.505 -1027.74
451 -318.287 710.102 -1028.39
452 -318.308 710.895 -1029.2
453 -318.361 712.021 -1030.38
454 -318.347 713.563 -1031.91
455 -318.337 715.468 -1033.8
456 -318.329 717.546 -1035.88
457 -318.332 719.573 -1037.91
458 -318.404 721.389 -1039.79
459 -318.371 722.948 -1041.32
460 -318.402 724.294 -1042.7
461 -318.401 725.512 -1043.91
462 -318.432 726.669 -1045.1
463 -318.512 727.769 -1046.28
464 -318.502 728.754 -1047.26
465 -318.556 729.531 -1048.09
466 -318.581 730.018 -1048.6
467 -318.531 730.178 -1048.71
468 -318.476 730.035 -1048.51
469 -318.49 729.68 -1048.17
470 -318.485 729.236 -1047.72
471 -318.48 728.799 -1047.28
472 -318.527 728.379 -1046.91
473 -318.512 727.908 -1046.42
474 -318.491 727.348 -1045.84
475 -318.498 726.85 -1045.35
476 -318.513 726.813 -1045.33
477 -318.495 727.724 -1046.22
478 -318.54 729.823 -1048.36
479 -318.585 732.905 -1051.49
480 -318.565 736.443 -1055.01
481 -318.638 739.86 -1058.5
482 -318.734 742.711 -1061.45
483 -318.745 744.714 -1063.46
484 -318.722 745.726 -1064.45
485 -318.723 745.718 -1064.44
486 -318.666 744.743 -1063.41
487 -318.645 742.925 -1061.57
488 -318.603 740.427 -1059.03
489 -318.645 737.421 -1056.07
490 -318.667 734.071 -1052.74
491 -318.723 730.521 -1049.24
492 -318.71 726.899 -1045.61
493 -318.69 723.322 -1042.01
494 -318.695 719.892 -1038.59
495 -318.711 716.693 -1035.4
496 -318.758 713.799 -1032.56
497 -318.714 711.3 -1030.01
498 -318.714 709.332 -1028.05
499 -318.677 708.074 -1026.75
500 -318.711 707.685 -1026.4
501 -318.766 708.237 -1027
502 -318.801 709.664 -1028.47
503 -318.873 711.779 -1030.65
504 -318.916 714.329 -1033.24
505 -318.889 717.066 -1035.95
506 -318.903 719.787 -1038.69
507 -319.014 722.331 -1041.35
508 -319.015 724.564 -1043.58
509 -319.013 726.371 -1045.38
510 -318.985 727.67 -1046.66
511 -318.992 728.438 -1047.43
512 -318.975 728.711 -1047.69
513 -319.001 728.565 -1047.57
514 -319.004 728.095 -1047.1
515 -318.968 727.411 -1046.38
516 -318.996 726.637 -1045.63
517 -319.046 725.918 -1044.96
518 -318.945 725.391 -1044.34
519 -318.852 725.161 -1044.01
520 -318.813 725.279 -1044.09
521 -318.797 725.736 -1044.53
522 -318.809 726.495 -1045.3
523 -318.881 727.507 -1046.39
524 -318.892 728.726 -1047.62
525 -318.961 730.096 -1049.06
526 -318.982 731.547 -1050.53
527 -319.032 732.98 -1052.01
528 -319.029 734.275 -1053.3
529 -319.037 735.305 -1054.34
530 -319.031 735.96 -1054.99
531 -319.026 736.18 -1055.21
532 -319.053 735.984 -1055.04
533 -319.002 735.498 -1054.5
534 -319.002 734.938 -1053.94
535 -319.021 734.56 -1053.58
536 -319.101 734.588 -1053.69
537 -319.105 735.153 -1054.26
538 -319.114 736.286 -1055.4
539 -319.149 737.929 -1057.08
540 -319.218 739.957 -1059.18
541 -319.227 742.219 -1061.45
542 -319.239 744.566 -1063.8
543 -319.245 746.862 -1066.11
544 -319.233 748.997 -1068.23
545 -319.23 750.882 -1070.11
546 -319.263 752.459 -1071.72
547 -319.233 753.709 -1072.94
548 -319.175 754.652 -1073.83
549 -319.176 755.337 -1074.51
550 -319.178 755.825 -1075
551 -319.225 756.17 -1075.39
552 -319.247 756.397 -1075.64
553 -319.264 756.508 -1075.77
554 -319.294 756.509 -1075.8
555 -319.328 756.452 -1075.78
556 -319.255 756.465 -1075.72
557 -319.17 756.736 -1075.91
558 -319.188 757.455 -1076.64
559 -319.197 758.748 -1077.95
560 -319.176 760.622 -1079.8
561 -319.178 762.964 -1082.14
562 -319.214 765.572 -1084.79
563 -319.239 768.205 -1087.44
564 -319.195 770.635 -1089.83
565 -319.196 772.672 -1091.87
566 -319.233 774.185 -1093.42
567 -319.217 775.1 -1094.32
568 -319.226 775.398 -1094.62
569 -319.223 775.101 -1094.32
570 -319.202 774.26 -1093.46
571 -319.247 772.951 -1092.2
572 -319.27 771.265 -1090.53
573 -319.276 769.304 -1088.58
574 -319.257 767.165 -1086.42
575 -319.297 764.925 -1084.22
576 -319.324 762.617 -1081.94
577 -319.287 760.226 -1079.51
578 -319.356 757.701 -1077.06
579 -319.437 754.998 -1074.43
580 -319.504 752.13 -1071.63
581 -319.497 749.222 -1068.72
582 -319.469 746.51 -1065.98
583 -319.499 744.282 -1063.78
584 -319.461 742.782 -1062.24
585 -319.511 742.122 -1061.63
586 -319.583 742.261 -1061.84
587 -319.648 743.043 -1062.69
588 -319.634 744.266 -1063.9
589 -319.665 745.74 -1065.41
590 -319.655 747.321 -1066.98
591 -319.749 748.904 -1068.65
592 -319.72 750.411 -1070.13
593 -319.763 751.79 -1071.55
594 -319.664 753.049 -1072.71
595 -319.7 754.265 -1073.96
596 -319.693 755.559 -1075.25
597 -319.67 757.022 -1076.69
598 -319.627 758.669 -1078.3
599 -319.654 760.425 -1080.08
600 -319.658 762.167 -1081.82
601 -319.679 763.78 -1083.46
602 -319.644 765.215 -1084.86
603 -319.67 766.505 -1086.18
604 -319.712 767.744 -1087.46
605 -319.727 769.013 -1088.74
606 -319.788 770.311 -1090.1
607 -319.733 771.519 -1091.25
608 -319.699 772.444 -1092.14
609 -319.695 772.918 -1092.61
610 -319.722 772.875 -1092.6
611 -319.724 772.36 -1092.08
612 -319.661 771.473 -1091.13
613 -319.746 770.306 -1090.05
614 -319.721 768.918 -1088.64
615 -319.681 767.371 -1087.05
616 -319.69 765.788 -1085.48
617 -319.69 764.383 -1084.07
618 -319.634 763.408 -1083.04
619 -319.607 763.038 -1082.65
620 -319.699 763.267 -1082.97
621 -319.676 763.898 -1083.57
622 -319.715 764.64 -1084.36
623 -319.804 765.247 -1085.05
624 -319.834 765.618 -1085.45
625 -319.901 765.781 -1085.68
626 -319.918 765.793 -1085.71
627 -319.933 765.65 -1085.58
628 -319.94 765.3 -1085.24
629 -319.961 764.733 -1084.69
630 -319.974 764.03 -1084
631 -319.951 763.323 -1083.27
632 -319.976 762.715 -1082.69
633 -319.995 762.267 -1082.26
634 -319.924 762.057 -1081.98
635 -319.923 762.243 -1082.17
636 -319.858 763.06 -1082.92
637 -319.873 764.694 -1084.57
638 -319.844 767.143 -1086.99
639 -319.886 770.167 -1090.05
640 -319.932 773.373 -1093.31
641 -319.96 776.392 -1096.35
642 -319.986 779.01 -1099
643 -319.977 781.196 -1101.17
644 -319.955 783.045 -1103
645 -319.939 784.671 -1104.61
646 -319.979 786.119 -1106.1
647 -319.972 787.326 -1107.3
648 -320.043 788.131 -1108.17
649 -320.037 788.359 -1108.4
650 -319.978 787.916 -1107.89
651 -320.039 786.84 -1106.88
652 -320.077 785.265 -1105.34
653 -320.053 783.352 -1103.4
654 -320.059 781.234 -1101.29
655 -319.995 779.007 -1099
656 -319.992 776.749 -1096.74
657 -320 774.54 -1094.54
658 -320.072 772.465 -1092.54
659 -320.078 770.623 -1090.7
660 -320.007 769.123 -1089.13
661 -319.994 768.06 -1088.05
662 -320.091 767.482 -1087.57
663 -320.105 767.356 -1087.46
664 -320.061 767.578 -1087.64
665 -320.096 768.02 -1088.12
666 -320.128 768.584 -1088.71
667 -320.102 769.221 -1089.32
668 -320.114 769.916 -1090.03
669 -320.051 770.662 -1090.71
670 -320.098 771.452 -1091.55
671 -320.04 772.281 -1092.32
672 -320.042 773.15 -1093.19
673 -320.09 774.083 -1094.17
674 -320.052 775.17 -1095.22
675 -320.052 776.583 -1096.63
676 -320.068 778.454 -1098.52
677 -320.156 780.689 -1100.84
678 -320.112 782.947 -1103.06
679 -320.124 784.852 -1104.98
680 -320.145 786.142 -1106.29
681 -320.12 786.664 -1106.78
682 -320.091 786.335 -1106.43
683 -320.12 785.161 -1105.28
684 -320.205 783.263 -1103.47
685 -320.162 780.856 -1101.02
686 -320.163 778.183 -1098.35
687 -320.168 775.426 -1095.59
688 -320.248 772.647 -1092.89
689 -320.261 769.787 -1090.05
690 -320.214 766.721 -1086.93
691 -320.22 763.34 -1083.56
692 -320.205 759.634 -1079.84
693 -320.216 755.749 -1075.97
694 -320.189 752.007 -1072.2
695 -320.143 748.867 -1069.01
696 -320.17 746.815 -1066.98
697 -320.169 746.199 -1066.37
698 -320.155 747.122 -1067.28
699 -320.199 749.465 -1069.66
700 -320.238 753.01 -1073.25
701 -320.261 757.507 -1077.77
702 -320.304 762.675 -1082.98
703 -320.31 768.187 -1088.5
704 -320.331 773.69 -1094.02
705 -320.374 778.86 -1099.23
706 -320.349 783.455 -1103.8
707 -320.314 787.342 -1107.66
708 -320.318 790.483 -1110.8
709 -320.314 792.919 -1113.23
710 -320.319 794.756 -1115.07
711 -320.29 796.143 -1116.43
712 -320.301 797.248 -1117.55
713 -320.29 798.215 -1118.51
714 -320.323 799.121 -1119.44
715 -320.335 799.953 -1120.29
716 -320.345 800.627 -1120.97
717 -320.31 801.016 -1121.33
718 -320.371 800.997 -1121.37
719 -320.399 800.499 -1120.9
720 -320.438 799.524 -1119.96
721 -320.445 798.166 -1118.61
722 -320.407 796.585 -1116.99
723 -320.376 794.963 -1115.34
724 -320.318 793.45 -1113.77
725 -320.376 792.125 -1112.5
726 -320.326 790.989 -1111.31
727 -320.398 789.996 -1110.39
728 -320.442 789.09 -1109.53
729 -320.483 788.205 -1108.69
730 -320.505 787.253 -1107.76
731 -320.506 786.119 -1106.63
732 -320.467 784.684 -1105.15
733 -320.483 782.872 -1103.35
734 -320.492 780.695 -1101.19
735 -320.443 778.274 -1098.72
736 -320.374 775.861 -1096.23
737 -320.397 773.83 -1094.23
738 -320.371 772.631 -1093
739 -320.367 772.668 -1093.04
740 -320.424 774.132 -1094.56
741 -320.455 776.869 -1097.32
742 -320.44 780.361 -1100.8
743 -320.436 783.879 -1104.32
744 -320.522 786.755 -1107.28
745 -320.563 788.581 -1109.14
746 -320.537 789.245 -1109.78
747 -320.469 788.831 -1109.3
748 -320.447 787.51 -1107.96
749 -320.48 785.467 -1105.95
750 -320.51 782.899 -1103.41
751 -320.527 780.04 -1100.57
752 -320.482 777.176 -1097.66
753 -320.527 774.609 -1095.14
754 -320.502 772.594 -1093.1
755 -320.505 771.292 -1091.8
756 -320.496 770.768 -1091.26
757 -320.512 771.015 -1091.53
758 -320.506 771.947 -1092.45
759 -320.539 773.386 -1093.92
760 -320.562 775.077 -1095.64
761 -320.568 776.732 -1097.3
762 -320.504 778.116 -1098.62
763 -320.541 779.136 -1099.68
764 -320.511 779.895 -1100.41
765 -320.551 780.666 -1101.22
766 -320.525 781.744 -1102.27
767 -320.464 783.267 -1103.73
768 -320.507 785.15 -1105.66
769 -320.483 787.153 -1107.64
770 -320.552 789.025 -1109.58
771 -320.467 790.58 -1111.05
772 -320.499 791.724 -1112.22
773 -320.477 792.442 -1112.92
774 -320.474 792.779 -1113.25
775 -320.38 792.848 -1113.23
776 -320.431 792.822 -1113.25
777 -320.362 792.913 -1113.28
778 -320.304 793.325 -1113.63
779 -320.283 794.171 -1114.45
780 -320.317 795.423 -1115.74
781 -320.29 796.911 -1117.2
782 -320.347 798.373 -1118.72
783 -320.372 799.543 -1119.91
784 -320.391 800.209 -1120.6
785 -320.432 800.248 -1120.68
786 -320.482 799.616 -1120.1
787 -320.475 798.327 -1118.8
788 -320.526 796.432 -1116.96
789 -320.525 794.03 -1114.55
790 -320.473 791.284 -1111.76
791 -320.417 788.437 -1108.85
792 -320.387 785.801 -1106.19
793 -320.372 783.695 -1104.07
794 -320.401 782.357 -1102.76
795 -320.453 781.863 -1102.32
796 -320.476 782.106 -1102.58
797 -320.521 782.825 -1103.35
798 -320.537 783.686 -1104.22
799 -320.565 784.361 -1104.93
800 -320.608 784.592 -1105.2
801 -320.653 784.23 -1104.88
802 -320.633 783.269 -1103.9
803 -320.548 781.861 -1102.41
804 -320.492 780.321 -1100.81
805 -320.499 779.102 -1099.6
806 -320.5 778.669 -1099.17
807 -320.529 779.31 -1099.84
808 -320.507 780.989 -1101.5
809 -320.503 783.368 -1103.87
810 -320.574 785.989 -1106.56
811 -320.561 788.476 -1109.04
812 -320.575 790.623 -1111.2
813 -320.525 792.375 -1112.9
814 -320.565 793.769 -1114.33
815 -320.562 794.886 -1115.45
816 -320.523 795.812 -1116.33
817 -320.557 796.608 -1117.17
818 -320.554 797.31 -1117.86
819 -320.596 797.935 -1118.53
820 -320.595 798.494 -1119.09
821 -320.633 798.992 -1119.63
822 -320.6 799.429 -1120.03
823 -320.611 799.806 -1120.42
824 -320.641 800.14 -1120.78
825 -320.631 800.475 -1121.11
826 -320.664 800.889 -1121.55
827 -320.642 801.476 -1122.12
828 -320.618 802.324 -1122.94
829 -320.679 803.486 -1124.17
830 -320.69 804.95 -1125.64
831 -320.704 806.65 -1127.35
832 -320.658 808.474 -1129.13
833 -320.644 810.302 -1130.95
834 -320.688 812.026 -1132.71
835 -320.775 813.561 -1134.34
836 -320.762 814.849 -1135.61
837 -320.742 815.855 -1136.6
838 -320.731 816.572 -1137.3
839 -320.729 817.025 -1137.75
840 -320.74 817.251 -1137.99
841 -320.783 817.254 -1138.04
842 -320.762 816.984 -1137.75
843 -320.798 816.365 -1137.16
844 -320.863 815.355 -1136.22
845 -320.816 813.978 -1134.79
846 -320.829 812.297 -1133.13
847 -320.796 810.407 -1131.2
848 -320.789 808.453 -1129.24
849 -320.721 806.673 -1127.39
850 -320.742 805.398 -1126.14
851 -320.781 804.984 -1125.77
852 -320.801 805.659 -1126.46
853 -320.838 807.385 -1128.22
854 -320.882 809.854 -1130.74
855 -320.924 812.648 -1133.57
856 -320.96 815.421 -1136.38
857 -320.98 817.973 -1138.95
858 -320.954 820.203 -1141.16
859 -320.952 822.04 -1142.99
860 -320.898 823.426 -1144.32
861 -320.853 824.362 -1145.21
862 -320.897 824.962 -1145.86
863 -320.856 825.462 -1146.32
864 -320.862 826.122 -1146.98
865 -320.905 827.083 -1147.99
866 -320.883 828.29 -1149.17
867 -320.872 829.588 -1150.46
868 -320.874 830.874 -1151.75
869 -320.961 832.155 -1153.12
870 -321.007 833.476 -1154.48
871 -321.022 834.834 -1155.86
872 -321.036 836.143 -1157.18
873 -321.048 837.256 -1158.3
874 -321.067 837.984 -1159.05
875 -321.093 838.118 -1159.21
876 -321.174 837.468 -1158.64
877 -321.261 835.937 -1157.2
878 -321.267 833.61 -1154.88
879 -321.245 830.792 -1152.04
880 -321.175 827.96 -1149.14
881 -321.159 825.652 -1146.81
882 -321.172 824.328 -1145.5
883 -321.226 824.227 -1145.45
884 -321.303 825.201 -1146.5
885 -321.365 826.694 -1148.06
886 -321.428 827.966 -1149.39
887 -321.433 828.447 -1149.88
888 -321.394 827.952 -1149.35
889 -321.33 826.678 -1148.01
890 -321.267 825.071 -1146.34
891 -321.218 823.642 -1144.86
892 -321.213 822.786 -1144
893 -321.25 822.684 -1143.93
894 -321.252 823.293 -1144.55
895 -321.253 824.45 -1145.7
896 -321.267 825.977 -1147.24
897 -321.296 827.733 -1149.03
898 -321.277 829.588 -1150.86
899 -321.322 831.378 -1152.7
900 -321.292 832.924 -1154.22
901 -321.331 834.084 -1155.42
902 -321.292 834.822 -1156.11
903 -321.324 835.214 -1156.54
904 -321.262 835.418 -1156.68
905 -321.328 835.616 -1156.94
906 -321.316 835.953 -1157.27
907 -321.316 836.504 -1157.82
908 -321.334 837.246 -1158.58
909 -321.349 838.063 -1159.41
910 -321.438 838.806 -1160.24
911 -321.521 839.364 -1160.89
912 -321.569 839.708 -1161.28
913 -321.588 839.838 -1161.43
914 -321.589 839.704 -1161.29
915 -321.602 839.176 -1160.78
916 -321.551 838.099 -1159.65
917 -321.576 836.404 -1157.98
918 -321.527 834.17 -1155.7
919 -321.568 831.606 -1153.17
920 -321.529 828.966 -1150.49
921 -321.558 826.491 -1148.05
922 -321.591 824.375 -1145.97
923 -321.565 822.739 -1144.3
924 -321.617 821.614 -1143.23
925 -321.649 820.946 -1142.59
926 -321.651 820.622 -1142.27
927 -321.643 820.492 -1142.14
928 -321.702 820.4 -1142.1
929 -321.742 820.262 -1142
930 -321.755 820.174 -1141.93
931 -321.762 820.432 -1142.19
932 -321.719 821.391 -1143.11
933 -321.703 823.242 -1144.94
934 -321.8 825.88 -1147.68
935 -321.832 828.97 -1150.8
936 -321.84 832.138 -1153.98
937 -321.845 835.115 -1156.96
938 -321.825 837.745 -1159.57
939 -321.784 839.927 -1161.71
940 -321.765 841.563 -1163.33
941 -321.779 842.576 -1164.35
942 -321.801 842.959 -1164.76
943 -321.784 842.821 -1164.61
944 -321.741 842.35 -1164.09
945 -321.717 841.748 -1163.47
946 -321.744 841.163 -1162.91
947 -321.776 840.664 -1162.44
948 -321.785 840.244 -1162.03
949 -321.813 839.842 -1161.65
950 -321.885 839.371 -1161.26
951 -321.872 838.75 -1160.62
952 -321.862 837.932 -1159.79
953 -321.902 836.933 -1158.84
954 -321.895 835.844 -1157.74
955 -321.921 834.807 -1156.73
956 -321.86 833.961 -1155.82
957 -321.821 833.351 -1155.17
958 -321.921 832.884 -1154.8
959 -321.969 832.369 -1154.34
960 -321.955 831.648 -1153.6
961 -321.914 830.74 -1152.65
962 -321.872 829.872 -1151.74
963 -321.868 829.334 -1151.2
964 -321.863 829.271 -1151.13
965 -321.927 829.577 -1151.5
966 -321.928 829.958 -1151.89
967 -321.949 830.078 -1152.03
968 -322.003 829.692 -1151.69
969 -322.029 828.701 -1150.73
970 -321.996 827.097 -1149.09
971 -321.977 824.879 -1146.86
972 -321.928 822.032 -1143.96
973 -321.984 818.597 -1140.58
974 -321.935 814.763 -1136.7
975 -321.952 810.906 -1132.86
976 -321.875 807.566 -1129.44
977 -321.82 805.355 -1127.18
978 -321.793 804.77 -1126.56
979 -321.845 805.968 -1127.81
980 -321.89 808.691 -1130.58
981 -321.909 812.432 -1134.34
982 -321.911 816.688 -1138.6
983 -321.947 821.103 -1143.05
984 -321.951 825.437 -1147.39
985 -321.97 829.459 -1151.43
986 -322.021 832.883 -1154.9
987 -322.054 835.375 -1157.43
988 -322.08 836.643 -1158.72
989 -322.06 836.523 -1158.58
990 -322.048 835.049 -1157.1
991 -322.084 832.472 -1154.56
992 -322.015 829.228 -1151.24
993 -321.946 825.868 -1147.81
994 -321.898 822.937 -1144.83
995 -321.916 820.84 -1142.76
996 -321.897 819.736 -1141.63
997 -321.906 819.499 -1141.4
998 -321.926 819.776 -1141.7
999 -321.893 820.113 -1142.01
